A 00000 0 964 001002598459
A 00000 0 964 001005189989
A 00000 0 964 001003976034
A 00000 0 964 001003975901
A 00000 0 964 001027755407
A 00000 0 964 001005191102
A 00000 0 964 000000912390
A 00000 0 964 000000912150
A 00000 0 964 001017740845
A 00000 0 964 001003091255
A 00000 0 964 001005189850
R 0000 0000000088471691
R 0000 0000000088473019
A 00000 0 964 001005189621
A 00000 0 964 001003090585
A 00000 0 964 001016591982
A 99999 9 001 110020140784
A 99999 9 001 110020122525
A 00000 0 964 000006029353
A 00000 0 964 000000912629
A 00000 0 964 001005191159
A 99999 9 001 110020122555
A 00000 0 964 001003090557
A 00000 0 964 001003975762
R 0000 0000000088473039
A 00000 0 964 000006134585
A 99999 9 001 110020102224
A 00000 0 964 001003089436
A 00000 0 964 001072098639
A 00000 0 964 000003992673
A 00000 0 964 001002600100
R 0000 0000000072520771
A 00000 0 964 001002875277
R 0000 0000000000133208
A 00000 0 964 001002598687
A 00000 0 964 001027755702
A 00000 0 964 001003974566
A 00000 0 964 001003091507
A 00000 0 964 001002599262
R 0000 0000000038837502
A 00000 0 964 001003973952
A 00000 0 964 001005189830
R 0000 0072586109517300
A 00000 0 964 001002780360
A 00000 0 964 001017741044
A 00000 0 964 001003090653
A 00000 0 964 000003340844
A 00000 0 964 000003993206
A 00000 0 964 001016591784
A 00000 0 964 001033127492
A 00000 0 964 001003089540
A 00000 0 964 001003973843
R 0000 0000000096595975
A 00000 0 964 001005191233
A 00000 0 964 001027755438
A 00000 0 964 001005190980
A 00000 0 964 001003088699
A 00000 0 964 001003974477
R 0000 0000000000153927
A 00000 0 964 001016591801
A 00000 0 964 001005190360
A 00000 0 964 000003340682
A 00000 0 964 001002781104
A 00000 0 964 001005189987
A 00000 0 964 000003233727
A 00000 0 964 001002598918
A 00000 0 964 001003975717
A 00000 0 964 001002781278
A 00000 0 964 001005191227
A 99999 9 001 110020130402
A 00000 0 964 001003974387
A 00000 0 964 001002087332
A 00000 0 964 001016591919
A 00000 0 964 001002598980
A 00000 0 964 001027755450
R 0000 0529964606413320
A 00000 0 964 001002875513
A 00000 0 964 000000912166
A 00000 0 964 001002875628
A 00000 0 964 001003089142
A 00000 0 964 000003233860
R 0000 0000000046626441
A 00000 0 964 001009988100
A 00000 0 964 000003992599
A 00000 0 999 200070436769
A 00000 0 964 000000912147
A 00000 0 999 200070435789
A 00000 0 964 001016592073
A 00000 0 964 000003234317
A 00000 0 964 001003975761
A 00000 0 964 000003992681
A 00000 0 964 000001239794
A 00000 0 964 001023820171
A 00000 0 964 001027755730
A 00000 0 964 001005189570
A 00000 0 964 001023819816
A 00000 0 964 001002780863
A 00000 0 964 001003088763
A 00000 0 964 000000912040
A 00000 0 964 001005189981
